# s [mm]	R [m]	Z [m] 	539     
0   2.1510  -1.2820
4   2.1549  -1.2830
8   2.1587  -1.2841
12  2.1626  -1.2851
16  2.1665  -1.2861
20  2.1703  -1.2871
24  2.1742  -1.2882
28  2.1781  -1.2892
32  2.1819  -1.2902
36  2.1858  -1.2912
40  2.1896  -1.2923
44  2.1935  -1.2933
48  2.1974  -1.2943
52  2.2012  -1.2954
56  2.2051  -1.2964
60  2.2090  -1.2974
64  2.2128  -1.2984
68  2.2167  -1.2995
72  2.2206  -1.3005
76  2.2244  -1.3015
80  2.2283  -1.3025
84  2.2322  -1.3036
88  2.2360  -1.3046
92  2.2399  -1.3056
96  2.2438  -1.3066
100 2.2476  -1.3077
104 2.2515  -1.3087
108 2.2554  -1.3097
112 2.2592  -1.3108
116 2.2631  -1.3118
120 2.2669  -1.3128
124 2.2708  -1.3138
128 2.2747  -1.3149
132 2.2785  -1.3159
136 2.2824  -1.3169
140 2.2863  -1.3179
144 2.2901  -1.3190
148 2.2940  -1.3200
152 2.2940  -1.3237
155 2.2940  -1.3273
159 2.2940  -1.3310
162 2.2950  -1.3340
166 2.2991  -1.3340
170 2.3031  -1.3340
174 2.3072  -1.3340
178 2.3113  -1.3340
182 2.3153  -1.3340
187 2.3194  -1.3340
191 2.3234  -1.3340
195 2.3275  -1.3340
199 2.3316  -1.3340
203 2.3356  -1.3340
207 2.3397  -1.3340
211 2.3438  -1.3340
215 2.3478  -1.3340
219 2.3519  -1.3340
223 2.3559  -1.3340
227 2.3600  -1.3340
231 2.3626  -1.3371
235 2.3653  -1.3401
239 2.3679  -1.3432
243 2.3706  -1.3462
247 2.3732  -1.3493
251 2.3759  -1.3524
255 2.3785  -1.3554
259 2.3812  -1.3585
264 2.3838  -1.3615
268 2.3865  -1.3646
272 2.3891  -1.3676
276 2.3918  -1.3707
280 2.3944  -1.3738
284 2.3971  -1.3768
288 2.3997  -1.3799
292 2.4024  -1.3829
296 2.4050  -1.3860
300 2.4057  -1.3899
304 2.4065  -1.3938
308 2.4072  -1.3977
312 2.4079  -1.4016
316 2.4086  -1.4055
320 2.4094  -1.4095
324 2.4101  -1.4134
328 2.4108  -1.4173
332 2.4115  -1.4212
336 2.4123  -1.4251
340 2.4130  -1.4290
344 2.4130  -1.4331
348 2.4130  -1.4372
352 2.4130  -1.4413
356 2.4130  -1.4454
360 2.4130  -1.4495
364 2.4130  -1.4535
368 2.4130  -1.4576
372 2.4130  -1.4617
376 2.4130  -1.4658
381 2.4130  -1.4699
385 2.4130  -1.4740
388 2.4124  -1.4778
392 2.4118  -1.4815
396 2.4111  -1.4853
400 2.4105  -1.4890
404 2.4099  -1.4928
407 2.4093  -1.4965
411 2.4086  -1.5003
415 2.4080  -1.5040
431 2.3980  -1.5160
435 2.3990  -1.5199
439 2.4001  -1.5238
443 2.4011  -1.5277
447 2.4022  -1.5316
451 2.4032  -1.5355
455 2.4043  -1.5395
459 2.4053  -1.5434
463 2.4064  -1.5473
467 2.4074  -1.5512
471 2.4085  -1.5551
475 2.4095  -1.5590
479 2.4105  -1.5629
483 2.4116  -1.5668
487 2.4126  -1.5707
491 2.4137  -1.5746
495 2.4147  -1.5785
499 2.4158  -1.5825
504 2.4168  -1.5864
508 2.4179  -1.5903
512 2.4189  -1.5942
516 2.4200  -1.5981
520 2.4210  -1.6020
524 2.4208  -1.6059
528 2.4205  -1.6098
531 2.4203  -1.6138
535 2.4200  -1.6177
539 2.4198  -1.6216
543 2.4195  -1.6255
547 2.4193  -1.6294
551 2.4190  -1.6333
555 2.4188  -1.6373
559 2.4185  -1.6412
563 2.4183  -1.6451
567 2.4180  -1.6490
571 2.4169  -1.6527
575 2.4158  -1.6565
578 2.4147  -1.6602
582 2.4136  -1.6639
586 2.4125  -1.6676
590 2.4115  -1.6714
594 2.4104  -1.6751
598 2.4093  -1.6788
602 2.4082  -1.6825
606 2.4071  -1.6863
610 2.4060  -1.6900
713 2.3150  -1.7390
717 2.3191  -1.7389
721 2.3232  -1.7388
725 2.3273  -1.7388
729 2.3313  -1.7387
733 2.3354  -1.7386
737 2.3395  -1.7385
741 2.3436  -1.7384
746 2.3477  -1.7383
750 2.3518  -1.7383
754 2.3558  -1.7382
758 2.3599  -1.7381
762 2.3640  -1.7380
766 2.3678  -1.7366
770 2.3717  -1.7352
774 2.3755  -1.7337
778 2.3794  -1.7323
782 2.3832  -1.7309
786 2.3871  -1.7295
791 2.3909  -1.7281
795 2.3947  -1.7266
799 2.3986  -1.7252
803 2.4024  -1.7238
807 2.4063  -1.7224
811 2.4101  -1.7209
815 2.4139  -1.7195
819 2.4178  -1.7181
823 2.4216  -1.7167
827 2.4255  -1.7153
832 2.4293  -1.7138
836 2.4332  -1.7124
840 2.4370  -1.7110
844 2.4410  -1.7110
848 2.4449  -1.7109
852 2.4489  -1.7109
856 2.4528  -1.7108
859 2.4568  -1.7108
863 2.4607  -1.7107
867 2.4647  -1.7107
871 2.4686  -1.7106
875 2.4726  -1.7106
879 2.4765  -1.7105
883 2.4805  -1.7105
887 2.4845  -1.7105
891 2.4884  -1.7104
895 2.4924  -1.7104
899 2.4963  -1.7103
903 2.5003  -1.7103
907 2.5042  -1.7102
911 2.5082  -1.7102
915 2.5121  -1.7101
919 2.5161  -1.7101
923 2.5200  -1.7100
927 2.5240  -1.7100
934 2.5220  -1.7030
938 2.5245  -1.6997
942 2.5271  -1.6965
946 2.5296  -1.6932
951 2.5322  -1.6899
955 2.5347  -1.6866
959 2.5373  -1.6834
963 2.5398  -1.6801
967 2.5424  -1.6768
971 2.5449  -1.6735
975 2.5475  -1.6703
980 2.5500  -1.6670
998 2.5550  -1.6490
1002    2.5571  -1.6455
1006    2.5592  -1.6420
1011    2.5613  -1.6385
1015    2.5634  -1.6350
1019    2.5655  -1.6315
1023    2.5676  -1.6280
1027    2.5697  -1.6245
1031    2.5718  -1.6210
1035    2.5739  -1.6175
1039    2.5760  -1.6140
1043    2.5798  -1.6152
1047    2.5837  -1.6163
1051    2.5875  -1.6175
1055    2.5914  -1.6186
1059    2.5952  -1.6198
1063    2.5990  -1.6210
1067    2.6029  -1.6221
1071    2.6067  -1.6233
1075    2.6105  -1.6245
1079    2.6144  -1.6256
1083    2.6182  -1.6268
1087    2.6221  -1.6279
1091    2.6259  -1.6291
1095    2.6297  -1.6303
1099    2.6336  -1.6314
1103    2.6374  -1.6326
1107    2.6413  -1.6337
1111    2.6451  -1.6349
1115    2.6489  -1.6361
1119    2.6528  -1.6372
1123    2.6566  -1.6384
1127    2.6605  -1.6395
1131    2.6643  -1.6407
1135    2.6681  -1.6419
1139    2.6720  -1.6430
1143    2.6758  -1.6442
1147    2.6796  -1.6454
1151    2.6835  -1.6465
1155    2.6873  -1.6477
1159    2.6912  -1.6488
1163    2.6950  -1.6500
1167    2.6988  -1.6512
1171    2.7027  -1.6523
1175    2.7065  -1.6535
1179    2.7104  -1.6546
1183    2.7142  -1.6558
1187    2.7180  -1.6570
1191    2.7219  -1.6581
1196    2.7257  -1.6593
1200    2.7295  -1.6605
1204    2.7334  -1.6616
1208    2.7372  -1.6628
1212    2.7411  -1.6639
1216    2.7449  -1.6651
1220    2.7487  -1.6663
1224    2.7526  -1.6674
1228    2.7564  -1.6686
1232    2.7603  -1.6697
1236    2.7641  -1.6709
1240    2.7679  -1.6721
1244    2.7718  -1.6732
1248    2.7756  -1.6744
1252    2.7795  -1.6755
1256    2.7833  -1.6767
1260    2.7871  -1.6779
1264    2.7910  -1.6790
1268    2.7948  -1.6802
1272    2.7986  -1.6814
1276    2.8025  -1.6825
1280    2.8063  -1.6837
1284    2.8102  -1.6848
1288    2.8140  -1.6860
1291    2.8140  -1.6897
1295    2.8140  -1.6933
1299    2.8140  -1.6970
1302    2.8140  -1.7007
1306    2.8140  -1.7043
1310    2.8140  -1.7080
1321    2.8040  -1.7120
1324    2.8079  -1.7121
1328    2.8118  -1.7121
1332    2.8156  -1.7122
1336    2.8195  -1.7122
1340    2.8234  -1.7123
1344    2.8273  -1.7124
1348    2.8312  -1.7124
1352    2.8351  -1.7125
1355    2.8389  -1.7125
1359    2.8428  -1.7126
1363    2.8467  -1.7126
1367    2.8506  -1.7127
1371    2.8545  -1.7128
1375    2.8584  -1.7128
1379    2.8622  -1.7129
1383    2.8661  -1.7129
1387    2.8700  -1.7130
1390    2.8736  -1.7145
1394    2.8772  -1.7160
1398    2.8809  -1.7176
1402    2.8845  -1.7191
1406    2.8881  -1.7206
1410    2.8917  -1.7221
1414    2.8953  -1.7237
1418    2.8990  -1.7252
1422    2.9026  -1.7267
1426    2.9062  -1.7282
1430    2.9098  -1.7298
1434    2.9134  -1.7313
1438    2.9170  -1.7328
1441    2.9207  -1.7343
1445    2.9243  -1.7359
1449    2.9279  -1.7374
1453    2.9315  -1.7389
1457    2.9351  -1.7404
1461    2.9388  -1.7420
1465    2.9424  -1.7435
1469    2.9460  -1.7450
1473    2.9501  -1.7451
1477    2.9542  -1.7452
1481    2.9583  -1.7453
1485    2.9624  -1.7454
1489    2.9665  -1.7455
1494    2.9706  -1.7456
1498    2.9747  -1.7457
1502    2.9788  -1.7458
1506    2.9829  -1.7459
1510    2.9870  -1.7460
1620    2.8980  -1.6820
1624    2.8969  -1.6781
1628    2.8959  -1.6741
1632    2.8948  -1.6702
1636    2.8938  -1.6663
1640    2.8927  -1.6623
1644    2.8916  -1.6584
1648    2.8906  -1.6544
1652    2.8895  -1.6505
1656    2.8884  -1.6466
1660    2.8874  -1.6426
1664    2.8863  -1.6387
1669    2.8853  -1.6348
1673    2.8842  -1.6308
1677    2.8831  -1.6269
1681    2.8821  -1.6229
1685    2.8810  -1.6190
1689    2.8813  -1.6149
1693    2.8817  -1.6108
1697    2.8820  -1.6067
1701    2.8823  -1.6026
1705    2.8827  -1.5984
1710    2.8830  -1.5943
1714    2.8833  -1.5902
1718    2.8837  -1.5861
1722    2.8840  -1.5820
1726    2.8849  -1.5780
1730    2.8858  -1.5740
1734    2.8867  -1.5700
1738    2.8876  -1.5660
1742    2.8884  -1.5620
1747    2.8893  -1.5580
1751    2.8902  -1.5540
1755    2.8911  -1.5500
1759    2.8920  -1.5460
1763    2.8929  -1.5420
1767    2.8938  -1.5380
1771    2.8947  -1.5340
1775    2.8956  -1.5300
1779    2.8964  -1.5260
1783    2.8973  -1.5220
1788    2.8982  -1.5180
1792    2.8991  -1.5140
1796    2.9000  -1.5100
1811    2.8900  -1.4980
1815    2.8893  -1.4943
1819    2.8887  -1.4907
1823    2.8880  -1.4870
1826    2.8873  -1.4833
1830    2.8867  -1.4797
1834    2.8860  -1.4760
1838    2.8862  -1.4719
1842    2.8863  -1.4678
1846    2.8865  -1.4638
1850    2.8866  -1.4597
1854    2.8868  -1.4556
1858    2.8869  -1.4515
1862    2.8871  -1.4475
1866    2.8872  -1.4434
1870    2.8874  -1.4393
1875    2.8875  -1.4352
1879    2.8877  -1.4312
1883    2.8878  -1.4271
1887    2.8880  -1.4230
1891    2.8897  -1.4194
1895    2.8915  -1.4157
1899    2.8932  -1.4121
1903    2.8949  -1.4085
1907    2.8966  -1.4048
1911    2.8984  -1.4012
1915    2.9001  -1.3975
1919    2.9018  -1.3939
1923    2.9035  -1.3903
1927    2.9053  -1.3866
1931    2.9070  -1.3830
1935    2.9101  -1.3803
1939    2.9132  -1.3777
1943    2.9163  -1.3750
1947    2.9194  -1.3723
1951    2.9226  -1.3697
1955    2.9257  -1.3670
1960    2.9288  -1.3643
1964    2.9319  -1.3617
1968    2.9350  -1.3590
1972    2.9381  -1.3563
1976    2.9412  -1.3537
1980    2.9443  -1.3510
1984    2.9474  -1.3483
1988    2.9506  -1.3457
1992    2.9537  -1.3430
1996    2.9568  -1.3403
2001    2.9599  -1.3377
2005    2.9630  -1.3350
2009    2.9670  -1.3350
2013    2.9710  -1.3350
2017    2.9750  -1.3350
2021    2.9790  -1.3350
2025    2.9830  -1.3350
2029    2.9870  -1.3350
2033    2.9910  -1.3350
2037    2.9950  -1.3350
2041    2.9990  -1.3350
2045    3.0030  -1.3350
2049    3.0070  -1.3350
2053    3.0110  -1.3350
2089    3.0220  -1.3700
2093    3.0259  -1.3700
2097    3.0299  -1.3700
2101    3.0338  -1.3700
2105    3.0378  -1.3700
2109    3.0417  -1.3700
2113    3.0457  -1.3700
2117    3.0496  -1.3700
2121    3.0536  -1.3700
2125    3.0575  -1.3700
2129    3.0615  -1.3700
2133    3.0654  -1.3700
2137    3.0694  -1.3700
2141    3.0733  -1.3700
2145    3.0773  -1.3700
2149    3.0812  -1.3700
2152    3.0852  -1.3700
2156    3.0891  -1.3700
2160    3.0931  -1.3700
2164    3.0970  -1.3700
2245    3.0600  -1.2980
2249    3.0634  -1.2959
2253    3.0667  -1.2938
2257    3.0701  -1.2917
2261    3.0734  -1.2896
2265    3.0768  -1.2875
2269    3.0801  -1.2854
2273    3.0835  -1.2833
2277    3.0868  -1.2812
2281    3.0902  -1.2791
2285    3.0935  -1.2770
2289    3.0969  -1.2749
2293    3.1002  -1.2728
2297    3.1036  -1.2707
2301    3.1069  -1.2686
2305    3.1103  -1.2665
2309    3.1136  -1.2644
2312    3.1170  -1.2623
2316    3.1203  -1.2602
2320    3.1237  -1.2581
2324    3.1270  -1.2560
2328    3.1304  -1.2539
2332    3.1337  -1.2518
2336    3.1371  -1.2497
2340    3.1404  -1.2476
2344    3.1438  -1.2455
2348    3.1471  -1.2434
2352    3.1505  -1.2413
2356    3.1538  -1.2392
2360    3.1572  -1.2371
2364    3.1605  -1.2350
2368    3.1639  -1.2329
2372    3.1672  -1.2308
2376    3.1706  -1.2287
2380    3.1739  -1.2266
2384    3.1773  -1.2245
2388    3.1806  -1.2224
2392    3.1840  -1.2203
2396    3.1873  -1.2182
2399    3.1907  -1.2161
2403    3.1940  -1.2140
2411    3.1990  -1.2090
2414    3.2030  -1.2090
2418    3.2069  -1.2090
2422    3.2109  -1.2090
2426    3.2149  -1.2090
2430    3.2188  -1.2090
2434    3.2228  -1.2090
2438    3.2267  -1.2090
2442    3.2307  -1.2090
2446    3.2347  -1.2090
2450    3.2386  -1.2090
2454    3.2426  -1.2090
2458    3.2466  -1.2090
2462    3.2505  -1.2090
2466    3.2545  -1.2090
2470    3.2584  -1.2090
2474    3.2624  -1.2090
2478    3.2664  -1.2090
2482    3.2703  -1.2090
2486    3.2743  -1.2090
2490    3.2783  -1.2090
2494    3.2822  -1.2090
2498    3.2862  -1.2090
2502    3.2901  -1.2090
2506    3.2941  -1.2090
2510    3.2981  -1.2090
2514    3.3020  -1.2090
2518    3.3060  -1.2090
